[93  0  0  0  0  0  0  0  0  0  0  0  0  0  0  0  0  0  0  0  0  0  0  0
  1  0  0  0  0  0  0  0  0  0  0  0  0  0  0  0  0  0]
[ 0 97  0  0  0  0  0  0  0  0  0  0  0  0  0  0  0  0  1  0  0  4  0  1
  0  0  0  0  0  0  0  0  0  0  0  0  0  0  0  0  0  0]
[ 0  0 99  0  0  0  0  0  0  0  0  0  0  0  0  0  0  0  1  0  0  0  0  0
  0  0  0  0  0  1  0  0  0  0  0  0  0  0  0  0  0  0]
[ 0  0  0 97  1  0  0  0  0  0  0  0  0  0  1  0  0  0  0  0  0  0  0  0
  0  0  0  1  0  0  0  0  0  0  0  0  0  0  0  0  0  0]
[ 0  0  0  0 92  0  0  0  0  0  0  0  0  0  0  0  0  0  0  0  0  2  0  0
  0  0  0  0  0  0  0  0  0  0  0  0  0  0  0  0  0  0]
[ 0  0  0  0  0 89  0  0  0  0  0  0  0  0  0  0  0  0  0  0  0  0  0  0
  0  1  5  2  7  0  0  0  0  0  0  0  0  0  0  0  0  0]
[ 0  0  0  0  0  0 86  0  0  0  0  0  0  0  0  0  0  0  0  0  0  1  0  1
  0  0  0  3  1  0  0  0  0  0  0  0  0  0  0  0  1  0]
[ 0  0  0  0  0  0  0 97  0  0  0  0  0  0  0  0  0  0  0  0  0  0  0  0
  0  0  0  0  0  0  0  0  0  0  0  0  0  0  0  0  0  0]
[ 0  0  0  0  0  0  0  0 93  0  0  0  0  0  0  0  0  0  0  0  0  2  0  1
  0  0  1  0  0  0  0  0  0  0  0  0  0  0  0  0  0  0]
[  0   0   0   0   0   0   0   0   0 100   0   0   0   0   1   0   0   0
   0   0   0   0   0   0   0   0   0   0   0   0   1   0   0   1   0   0
   0   0   1   1   0   0]
[ 0  0  0  0  0  0  0  0  0  0 97  2  0  0  0  0  0  0  0  0  0  0  0  0
  0  0  0  0  0  0  1  0  0  0  0  0  1  0  0  0  0  0]
[ 0  0  0  0  0  0  0  1  0  0  1 97  0  0  0  0  0  0  0  0  0  0  0  0
  0  0  0  0  0  0  1  0  0  0  0  0  0  0  0  0  0  0]
[ 0  0  0  0  0  0  0  0  0  0  0  0 99  0  0  0  0  0  2  0  0  0  0  0
  0  0  0  0  0  0  0  0  0  0  0  0  0  0  0  0  0  0]
[ 0  0  0  0  1  0  1  0  0  0  0  0  0 97  0  0  0  0  0  0  0  0  0  0
  0  0  0  1  0  1  1  0  2  0  0  0  0  1  0  0  1  0]
[ 0  0  0  1  0  0  1  0  0  0  0  0  0  1 92  0  0  0  0  0  0  1  0  0
  0  0  0  3  0  0  0  0  1  0  0  0  0  0  0  0  3  0]
[ 0  0  0  0  0  0  0  0  0  0  0  0  0  0  0 96  0  0  0  0  0  0  0  0
  0  0  0  0  0  0  0  0  0  0  0  2  0  0  0  0  0  0]
[ 0  0  0  0  0  0  0  0  0  0  0  0  0  0  0  0 95  0  0  0  0  0  0  0
  0  2  0  1  2  0  0  0  0  0  0  0  0  0  0  0  0  0]
[ 0  0  0  0  0  0  0  0  0  0  0  0  0  0  0  0  0 96  0  0  0  0  0  0
  0  0  0  0  0  0  0  0  0  0  0  0  0  0  0  0  0  0]
[ 0  0  0  0  0  0  0  0  0  0  0  0  0  0  0  0  0  0 95  0  0  0  0  0
  0  0  0  0  0  0  0  0  0  0  0  0  0  0  0  0  0  0]
[ 0  0  0  0  0  0  0  0  0  0  1  0  0  0  0  0  0  0  0 98  0  0  0  0
  0  3  0  0  0  0  1  0  0  0  0  1  1  0  0  0  0  0]
[ 1  0  0  0  0  0  0  0  0  0  0  0  0  0  0  0  0  0  0  0 96  0  0  0
  1  0  0  0  0  0  0  0  0  0  0  1  0  0  1  0  0  0]
[ 0  3  0  0  2  0  0  0  2  0  0  0  0  0  5  0  0  0  0  0  0 88  0  0
  0  0  0  0  1  0  0  0  1  0  0  0  0  0  0  0  0  0]
[ 0  0  0  0  0  0  0  0  0  0  0  0  0  0  0  0  0  0  0  0  0  0 99  0
  0  0  0  0  0  0  0  0  0  0  0  0  0  0  0  0  1  0]
[ 0  0  0  0  0  0  3  0  0  0  0  0  0  0  0  0  1  0  0  0  0  0  0 94
  0  0  0  0  0  0  0  0  0  0  0  1  1  0  0  0  0  0]
[ 0  0  0  0  0  0  0  0  0  0  0  0  0  0  0  0  0  0  0  0  0  0  0  0
 92  0  0  0  0  0  0  0  0  0  3  1  0  0  1  0  0  0]
[ 0  0  0  0  0  0  0  0  0  0  0  0  0  0  0  0  0  0  0  0  0  0  0  0
  0 92  0  0  0  0  0  0  0  0  0  0  0  0  0  0  0  0]
[ 0  0  0  0  0  4  3  0  1  0  0  0  0  0  0  0  1  0  0  0  0  0  0  0
  0  0 86  0  2  1  0  0  0  0  0  0  0  0  0  0  0  0]
[ 1  0  0  1  0  1  1  0  0  0  0  0  0  1  0  0  1  0  0  0  0  1  0  0
  0  0  4 84  1  0  0  0  2  0  0  0  0  0  0  0  0  0]
[ 0  0  0  0  0  5  1  0  0  0  0  0  0  0  0  0  1  0  0  0  0  0  0  2
  0  1  4  2 86  0  0  0  0  1  0  0  0  0  0  0  0  0]
[ 0  0  0  0  0  0  0  0  0  0  0  0  0  0  0  0  0  0  0  0  0  0  0  0
  0  0  0  0  0 96  0  0  0  0  0  0  0  0  0  0  0  0]
[ 1  0  0  0  0  0  0  0  0  0  0  0  0  0  0  0  0  0  0  0  0  0  0  0
  0  0  0  0  0  0 93  0  0  0  0  0  0  0  0  0  0  0]
[ 0  0  0  0  0  0  0  0  0  0  0  0  0  0  0  0  0  0  0  0  0  0  0  0
  0  0  0  0  0  0  0 99  0  0  0  0  0  0  0  0  0  0]
[ 1  0  0  0  0  0  0  0  0  0  0  0  0  0  0  0  0  0  0  0  0  0  0  0
  0  0  0  0  0  0  0  0 92  0  0  0  0  0  0  0  0  0]
[ 0  0  0  0  0  1  0  0  1  0  0  0  0  1  0  0  0  0  0  0  0  0  0  0
  0  0  0  2  0  0  0  0  0 98  0  0  0  0  0  0  0  0]
[ 2  0  0  0  0  0  0  0  0  0  0  0  0  0  0  1  0  0  0  0  1  0  0  0
  4  0  0  0  0  0  0  0  0  0 93  0  0  0  2  0  0  0]
[ 0  0  0  0  0  0  0  0  0  0  0  0  0  0  0  2  0  0  0  0  0  0  0  0
  0  0  0  0  0  0  0  0  0  0  3 90  0  0  0  0  0  0]
[ 0  0  0  0  0  0  0  0  0  0  0  0  0  0  0  1  0  0  0  2  0  1  0  0
  0  0  0  0  0  0  1  0  0  0  0  2 97  0  0  0  0  0]
[ 0  0  0  0  0  0  1  0  1  0  0  0  0  0  0  0  0  0  0  0  0  0  0  0
  0  0  0  0  0  0  0  0  0  0  0  0  0 99  0  0  0  0]
[ 0  0  0  0  0  0  0  0  0  0  0  0  0  0  0  0  0  0  0  0  1  0  0  0
  1  0  0  0  0  0  0  0  0  0  0  0  0  0 92  0  0  0]
[ 0  0  0  0  0  0  0  0  1  0  0  0  0  0  0  0  0  0  0  0  0  0  0  1
  0  0  0  0  0  0  0  0  0  0  0  0  0  0  0 98  0  0]
[ 0  0  0  0  0  0  2  0  0  0  0  0  0  0  1  0  0  0  0  0  0  0  1  0
  0  0  0  1  0  0  0  0  1  0  0  0  0  0  0  0 92  0]
[0 0 0 0 0 0 0 0 0 0 0 0 0 0 0 0 0 0 0 0 0 0 0 0 0 0 0 0 0 0 0 0 0 0 0 0 0
 0 0 0 0 0]
